-35.5 3.5 0
-31.5 3.5 0
-27.5 3.5 0
-23.5 3.5 0
-19.5 3.5 0
-15.5 3.5 0
-11.5 3.5 0
-7.5 3.5 0
-3.5 7.5 0
-3.5 11.5 0
-3.5 15.5 0
-3.5 19.5 0
-3.5 23.5 0
-3.5 27.5 0
-3.5 31.5 0
-3.5 35.5 0
-3.5 39.5 0
-3.5 43.5 0
-3.5 47.5 0
-3.5 51.5 0
-3.5 55.5 0
-3.5 59.5 0
-3.5 63.5 0
-3.5 67.5 0
-3.5 71.5 0
-35.5 -3.5 0
-31.5 -3.5 0
-27.5 -3.5 0
-23.5 -3.5 0
-19.5 -3.5 0
-15.5 -3.5 0
-11.5 -3.5 0
-7.5 -3.5 0
-3.5 -7.5 0
-3.5 -11.5 0
-3.5 -15.5 0
-3.5 -19.5 0
-3.5 -23.5 0
-3.5 -27.5 0
-3.5 -31.5 0
-3.5 -35.5 0
-3.5 -39.5 0
-3.5 -43.5 0
-3.5 -47.5 0
-3.5 -51.5 0
-3.5 -55.5 0
-3.5 -59.5 0
-3.5 -63.5 0
-3.5 -67.5 0
-3.5 -71.5 0
35.5 3.5 0
31.5 3.5 0
27.5 3.5 0
23.5 3.5 0
19.5 3.5 0
15.5 3.5 0
11.5 3.5 0
7.5 3.5 0
3.5 7.5 0
3.5 11.5 0
3.5 15.5 0
3.5 19.5 0
3.5 23.5 0
3.5 27.5 0
3.5 31.5 0
3.5 35.5 0
3.5 39.5 0
3.5 43.5 0
3.5 47.5 0
3.5 51.5 0
3.5 55.5 0
3.5 59.5 0
3.5 63.5 0
3.5 67.5 0
3.5 71.5 0
35.5 -3.5 0
31.5 -3.5 0
27.5 -3.5 0
23.5 -3.5 0
19.5 -3.5 0
15.5 -3.5 0
11.5 -3.5 0
7.5 -3.5 0
3.5 -7.5 0
3.5 -11.5 0
3.5 -15.5 0
3.5 -19.5 0
3.5 -23.5 0
3.5 -27.5 0
3.5 -31.5 0
3.5 -35.5 0
3.5 -39.5 0
3.5 -43.5 0
3.5 -47.5 0
3.5 -51.5 0
3.5 -55.5 0
3.5 -59.5 0
3.5 -63.5 0
3.5 -67.5 0
3.5 -71.5 0
