-48 12 0
-44 12 0
-40 12 0
-36 12 0
-32 12 0
-28 12 0
-24 12 0
-20 12 0
-16 12 0
-12 12 0
-8 12 0
-4 12 0
0 12 0
4 12 0
8 12 0
12 12 0
16 12 0
20 12 0
24 12 0
28 12 0
32 12 0
36 12 0
40 12 0
44 12 0
48 12 0
-48 5 0
-44 5 0
-40 5 0
-36 5 0
-32 5 0
-28 5 0
-24 5 0
-20 3 -0.5
-16 -3 -0.5
-12 -5 0
-8 -5 0
-4 -5 0
0 -5 0
4 -5 0
8 -5 0
12 -5 0
16 -5 0
20 -5 0
24 -5 0
28 -5 0
32 -5 0
36 -5 0
40 -5 0
44 -5 0
48 -5 0
-48 -5 0
-44 -5 0
-40 -5 0
-36 -5 0
-32 -5 0
-28 -5 0
-24 -5 0
-20 -3 0.5
-16 3 0.5
-12 5 0
-8 5 0
-4 5 0
0 5 0
4 5 0
8 5 0
12 5 0
16 5 0
20 5 0
24 5 0
28 5 0
32 5 0
36 5 0
40 5 0
44 5 0
48 5 0
-48 -12 0
-44 -12 0
-40 -12 0
-36 -12 0
-32 -12 0
-28 -12 0
-24 -12 0
-20 -12 0
-16 -12 0
-12 -12 0
-8 -12 0
-4 -12 0
0 -12 0
4 -12 0
8 -12 0
12 -12 0
16 -12 0
20 -12 0
24 -12 0
28 -12 0
32 -12 0
36 -12 0
40 -12 0
44 -12 0
48 -12 0
