x=[ 7.        , 10.        ,  7.        , 24.33105012,  7.        ,
       10.        ,  7.        , 24.33105012,  7.        , 10.        ,
        7.        , 24.33105012,  7.        , 10.        ,  7.        ,
       24.33105012,  7.        , 10.        ,  7.        , 24.33105012,
        7.        , 10.        ,  7.        , 24.33105012,  7.        ,
        7.        , 24.33105012,  9.01387819,  6.08276253,  9.01387819,
       24.33105012, 12.04159458,  2.        , 12.04159458, 24.33105012,
       15.00833102,  6.08276253, 15.00833102, 24.33105012, 17.        ,
       10.        , 17.        , 24.33105012, 17.        , 10.        ,
       17.        , 24.33105012, 17.        , 10.        , 17.        ,
       17.        , 10.        , 17.        , 24.33105012, 17.        ,
       10.        , 17.        , 24.33105012, 17.        , 10.        ,
       17.        , 24.33105012, 17.        , 10.        , 17.        ,
       24.33105012, 17.        , 10.        , 17.        , 24.33105012,
       17.        , 10.        , 17.        , 24.33105012, 17.        ,
       17.        , 24.33105012, 17.        , 10.        , 17.        ,
       24.33105012, 17.        , 10.        , 17.        , 24.33105012,
       17.        , 10.        , 17.        , 24.33105012, 17.        ,
       10.        , 17.        , 24.33105012, 17.        , 10.        ,
       17.        , 24.33105012, 17.        , 10.        , 17.        ,
       29.41088234, 29.41088234, 32.75667871, 31.76869528, 28.30635971,
       29.41088234, 32.75667871, 30.47950131, 52.95280918, 52.95280918,
       52.        , 52.        , 52.95280918, 52.95280918, 52.        ,
       52.        , 52.95280918, 52.95280918, 52.        , 52.        ,
       52.95280918, 52.95280918, 52.        , 52.        , 52.95280918,
       25.        , 25.        , 28.86173938, 28.86173938, 25.        ,
       25.        , 28.86173938, 28.86173938, 52.        , 52.        ,
       52.04084934, 52.04084934, 52.        , 52.        , 52.        ,
       52.        , 52.        , 52.        , 52.        , 52.        ,
       52.        , 52.        , 52.        , 52.        , 52.        ]
