-50 12 0
-46 12 0
-42 12 0
-38 12 0
-34 12 0
-30 12 0
-26 12 0
-22 12 0
-14 12 0
-10 12 0
-6 12 0
-2 12 0
2 12 0
6 12 0
10 12 0
14 12 0
18 12 0
22 12 0
26 12 0
30 12 0
34 12 0
38 12 0
42 12 0
46 12 0
50 12 0
-50 5 0
-46 5 0
-42 5 0
-38 5 0
-34 5 0
-30 5 0
-26 5 0
-22 3 -0.5
-14 -3 -0.5
-10 -5 0
-6 -5 0
-2 -5 0
2 -5 0
6 -5 0
10 -5 0
14 -5 0
18 -5 0
22 -5 0
26 -5 0
30 -5 0
34 -5 0
38 -5 0
42 -5 0
46 -5 0
50 -5 0
-50 -5 0
-46 -5 0
-42 -5 0
-38 -5 0
-34 -5 0
-30 -5 0
-26 -5 0
-22 -3 0.5
-14 3 0.5
-10 5 0
-6 5 0
-2 5 0
2 5 0
6 5 0
10 5 0
14 5 0
18 5 0
22 5 0
26 5 0
30 5 0
34 5 0
38 5 0
42 5 0
46 5 0
50 5 0
-50 -12 0
-46 -12 0
-42 -12 0
-38 -12 0
-34 -12 0
-30 -12 0
-26 -12 0
-22 -12 0
-14 -12 0
-10 -12 0
-6 -12 0
-2 -12 0
2 -12 0
6 -12 0
10 -12 0
14 -12 0
18 -12 0
22 -12 0
26 -12 0
30 -12 0
34 -12 0
38 -12 0
42 -12 0
46 -12 0
50 -12 0
